period radius
8.8849 11.9751
21.7613 2.4699
4.2874 3.7601
4.2989 1.8753
0.9773 0.9901
4.5370 1.5539
13.0608 1.3598
21.8536 1.6464
86.7230 1.3495
1.4198 0.8218
3.4493 1.1160
10.0989 0.9906
5.7918 1.6324
7.4074 3.1093
69.0895 1.4788
10.2738 1.6092
19.9402 3.0587
3.0256 1.4966
5.4220 1.2916
13.3235 1.2900
16.8560 1.9087
32.3123 4.3819
16.5681 2.6761
47.3331 2.2969
10.3812 2.0920
24.5709 2.7101
3.7086 1.4043
13.4472 6.7551
13.1216 2.2370
4.6127 1.8002
15.9069 2.3829
4.9735 2.4941
12.1842 2.1620
26.0205 3.3106
12.4934 2.1165
76.6137 3.4806
14.9110 2.5577
86.7493 2.5755
9.3789 2.4351
17.5437 1.9442
9.2870 2.2933
9.2296 3.2419
60.4584 1.4852
6.3122 2.7618
10.5142 1.3638
217.8383 12.1916
47.1485 2.4466
1.5417 1.5790
12.1240 2.0535
2.5392 1.9893
5.7477 1.8900
4.0958 1.4667
7.5584 1.3088
42.5217 2.8045
9.4767 1.5830
18.8275 2.9488
13.2227 2.4942
3.9245 2.7751
2.2092 0.8274
10.8497 2.9555
2.4337 1.8446
8.7349 2.3978
3.7491 1.8068
2.8950 1.0259
72.9334 2.1493
101.1332 3.5051
12.8348 1.5669
76.0504 1.9414
8.1874 2.1355
25.9341 2.5604
83.4461 2.8206
41.8684 1.3743
4.1150 1.6714
90.1235 9.3514
0.9476 0.7238
3.1993 0.7082
3.3757 2.8071
17.2763 7.4265
1.6783 1.5924
3.5538 1.6463
50.2704 3.6058
14.9797 3.7100
0.4280 0.8003
40.8095 3.6388
82.3319 2.5741
10.5738 2.0567
225.5860 3.0023
1.9201 1.2147
4.8755 0.5279
37.8102 3.7617
0.4877 1.0287
11.0896 2.2751
66.4159 4.0561
78.1001 3.0557
96.8174 2.2142
11.6066 1.9053
2.5048 1.3434
4.0258 1.6221
8.6789 2.3259
2.0087 0.6094
160.0195 4.6681
29.1990 4.5264
55.3290 1.8148
24.3368 1.8469
18.8706 3.0134
3.9168 0.8309
12.3335 3.7037
18.9985 38.8251
4.2444 1.8576
8.1451 3.0808
10.6137 1.8383
29.7273 2.6874
83.2659 1.9990
43.5810 2.3080
147.9736 2.9459
21.8039 1.1974
4.3932 1.5242
7.4061 1.4717
13.2298 1.4067
15.9869 1.5143
7.4261 2.3133
11.3911 2.0193
11.3911 2.0193
12.2183 5.1796
86.6785 9.9858
4.2246 4.1612
1.5930 1.5263
19.2706 7.9687
38.9094 8.2080
4.7656 0.7031
51.5981 8.5984
1.9703 1.9388
5.0582 5.2258
26.0921 1.6325
14.1722 2.6401
4.9203 1.3050
2.7115 3.5192
7.2120 3.7476
120.0033 15.9234
1.9527 2.8882
11.6348 2.1351
33.1982 2.6289
32.5108 2.7409
1.6255 8.9177
18.5526 2.4606
47.0628 4.3005
5.8230 1.5469
110.3784 3.3252
8.3985 2.5249
38.1039 4.2979
0.9283 1.3400
13.1450 1.7660
10.3006 2.4452
16.0882 3.8133
35.6757 3.3589
78.5461 2.9867
1.1670 1.0832
19.6203 14.3028
1.4426 2.3924
24.9933 2.4754
1.3118 1.3935
17.7900 2.6268
49.5675 2.8280
4.7267 1.6399
30.8277 2.6712
8.4830 0.8376
9.6931 2.4358
8.1772 1.1816
34.7633 2.3643
67.9683 2.3049
12.5746 2.0270
14.8624 1.7599
4.1764 1.3819
8.7080 2.2523
160.8521 3.4672
33.0262 3.0606
29.9112 2.6442
453.5417 3.7727
9.0293 2.8028
11.4486 1.3899
6.0025 2.4471
17.3696 1.4719
386.3711 3.0012
7.2982 1.6228
17.5044 2.8168
31.1588 3.1892
76.7327 2.7588
2.3703 1.4427
3.6093 3.6372
4.2415 1.8378
12.5095 1.5557
27.0142 2.0133
24.8546 5.4646
3.9086 1.9363
51.1319 3.1538
138.9449 2.6250
13.7347 2.7094
13.8996 2.6291
3.9760 1.0877
30.2541 2.4366
13.5406 2.7661
1.7323 1.7424
7.0258 1.9958
14.2372 1.3578
184.7736 2.9748
4.3720 0.8824
11.3012 2.2171
27.9431 2.5683
7.3627 2.6948
3.0039 12.8670
2.5093 1.5653
3.0938 1.9822
11.8186 1.9549
30.5395 2.5418
143.2072 8.6596
29.1891 1.8582
60.3250 11.8548
16.2178 3.7047
11.7229 2.0176
5.1949 2.2542
6.6018 1.2683
9.4588 1.6656
53.5292 2.3053
8.1724 3.3219
20.0984 1.6671
62.7842 2.4089
0.4942 1.2805
5.3694 0.6522
1.5947 14.2700
3.4130 5.3039
5.8968 1.0225
10.7290 1.7413
214.8835 2.3046
4.7830 2.2484
4.2426 1.0737
14.1286 2.5580
31.8839 3.4664
48.6479 3.8796
14.5539 3.0219
21.4162 2.6481
4.1958 2.0702
5.5242 1.8963
8.7751 1.6081
28.2673 2.4662
4.7909 2.3650
13.0914 0.7232
20.5059 3.2588
1.8680 0.7285
0.5710 1.4492
9.9664 15.4190
2.4144 0.8237
35.0174 2.3278
24.2204 2.6280
33.1996 2.4802
5.0829 1.1268
6.0555 0.9712
3.9901 9.0743
10.2187 2.1147
15.5736 2.6715
40.1015 2.6579
4.4581 1.4673
9.8426 2.6118
29.6097 2.3428
4.4876 1.5302
112.3027 1.3943
20.0603 2.4136
3.3402 2.4949
46.1844 2.2494
7.8250 1.4772
11.8729 2.2893
210.6320 2.8867
2.8889 1.5073
0.8132 1.0405
1.8037 1.0307
160.8844 7.8866
127.8339 8.2244
12.2095 2.5601
24.8439 1.5511
3.0765 1.5807
6.3194 2.6573
1.2107 0.9382
18.2574 0.8961
10.5068 9.3087
13.0236 2.3072
16.2709 24.4405
17.6997 1.8433
10.4409 2.8109
116.5829 2.3956
28.2276 3.3447
42.3514 3.2202
4.1763 3.0926
28.7827 1.8881
1.9228 1.2564
23.3404 2.4294
79.2447 3.3442
12.7945 2.0353
6.3125 2.5449
14.5915 26.2878
42.3007 2.5319
37.6469 1.8991
17.2812 2.7173
32.1339 2.4493
8.4575 2.4998
10.1040 4.1738
11.6370 2.5795
5.6880 2.4538
115.2413 2.6636
21.8635 2.5860
6.7689 1.3712
6.8008 2.0083
3.8959 10.7849
3.7736 1.4111
8.1818 1.9337
20.6654 0.7291
51.5679 1.2087
1.3406 1.5060
41.7081 3.4066
10.0354 4.6685
4.5393 2.3161
12.7204 5.0888
6.2385 2.7072
4.1679 1.0836
40.3512 2.4190
61.6179 3.0745
6.4110 1.2573
13.8430 2.1817
24.2758 2.4788
1.6169 2.0840
19.3057 2.8089
56.6378 2.5867
6.0975 1.5564
4.8934 1.5878
21.0112 1.4389
3.2230 1.5123
42.0370 1.7018
15.3574 1.3983
70.9672 2.7895
4.3613 1.2178
22.3665 3.1490
14.5865 2.5074
8.0293 1.0152
8.9434 1.7751
46.8777 3.0308
3.1774 2.5573
41.0081 2.5489
5.6047 1.2787
1.4008 1.2605
6.2839 0.8236
9.0874 0.8262
3.8231 0.8540
97.4451 3.0499
4.1654 1.5509
7.7519 2.9327
180.4116 13.9478
1.5449 13.0967
54.0816 2.0312
16.7092 2.1814
28.5516 1.8943
11.1896 1.7736
17.8485 3.2210
26.1363 2.7427
14.4858 2.6141
31.7821 1.9987
4.3627 1.6908
6.9414 2.8474
15.0331 1.8879
34.7502 3.0371
4.5144 1.6771
29.5390 2.4349
40.6992 3.1731
7.7481 6.0416
0.7667 1.1308
4.6030 1.2207
18.1210 1.5099
3.9514 32.7111
43.1018 2.2000
4.0202 0.6265
7.5459 0.7017
16.2951 1.1098
20.4222 1.9129
7.6384 1.1965
5.4398 1.4265
3.3842 1.4012
13.1932 3.3390
4.4253 1.8523
15.0681 25.9354
1.6093 1.8315
4.7294 1.4231
9.5122 2.3182
31.4453 4.3867
5.1856 2.2553
8.4581 2.4345
170.9963 3.7636
36.5158 2.2397
4.9433 1.2734
31.5786 4.5723
202.1171 5.8139
7.2386 1.3287
12.4660 6.0092
21.5870 2.3251
37.9948 2.5453
56.2590 2.3657
5.7662 2.4202
161.4748 4.2690
17.1622 21.8934
60.5330 2.9776
9.6686 1.7978
24.4976 2.6515
23.1175 4.4590
4.7750 1.7631
0.9868 1.4331
3.0721 1.5623
4.6454 1.6034
7.0535 2.5943
9.5216 2.5962
7.3285 1.9947
77.9205 0.9997
8.7743 1.3767
15.9653 3.4855
179.6080 5.7241
8.6304 1.3594
3.2901 2.1973
21.1580 1.5394
186.4357 9.1622
5.5668 0.9860
6.9337 1.7181
4.6409 70.6193
34.9181 3.2144
71.3112 6.6475
5.7721 1.8415
141.6085 2.6387
7.2340 1.8365
3.3393 1.0047
7.9915 1.2772
76.4230 2.9414
7.0107 2.0723
0.9680 1.9942
41.6980 2.1996
16.7198 2.5828
21.8130 2.8629
33.3726 1.7985
24.8110 5.4113
7.1370 1.7624
0.7418 30.5910
7.7967 3.3427
153.9800 2.4802
3.1055 2.6526
8.8271 1.6409
27.5087 2.9997
8.4574 1.0309
87.5180 1.8639
14.5324 2.6234
44.8703 2.9420
21.2226 2.5786
6.4816 2.6342
0.7545 1.6417
3.8952 0.9841
23.6421 3.0222
67.0933 3.6502
17.9798 2.6462
150.8777 2.6440
7.1652 2.4418
13.0029 1.5985
87.9732 3.4903
3.0577 1.3303
0.8140 1.4982
7.9710 2.1122
0.8684 1.3226
3.0217 1.4130
6.9847 0.8934
61.0372 2.7614
10.5791 2.0488
106.2600 1.2063
4.1158 1.5528
11.4194 1.0148
4.0814 1.0280
6.8344 1.0388
1.4803 1.0031
7.0161 1.9755
14.8446 2.2610
22.8244 3.0582
0.8769 0.9019
11.9540 1.9125
4.5620 1.0565
6.6824 0.7828
16.7386 2.5471
3.2054 1.6944
5.4871 3.2243
8.2909 3.2024
4.7151 1.5383
8.1036 2.2198
10.0853 1.5836
33.8679 2.3244
6.3658 2.7026
35.6226 2.2961
11.1793 1.0593
30.6940 11.7421
15.3824 2.3077
9.6950 2.2527
32.5478 1.8920
10.4157 2.8322
13.0842 2.5527
36.7216 3.2932
14.2651 1.0141
4.8664 1.5946
8.2224 2.3344
0.5399 0.7292
64.0345 5.0578
4.6450 1.5481
12.5722 1.0462
12.5610 2.6352
30.8263 3.0604
3.4280 1.1603
7.3820 3.2886
2.9424 1.6770
6.2765 0.7575
3.7970 10.2495
18.6493 3.3955
38.5576 4.3834
9.7519 3.0128
3.5256 11.1340
14.6240 25.0865
3.6069 2.0578
1.4991 1.0403
3.2957 2.6768
5.3159 2.2194
9.6535 2.2928
0.9917 1.2679
40.8365 1.4207
230.1811 7.4447
13.5225 2.0904
16.2385 2.6242
17.2654 1.0901
7.0568 1.5794
78.7322 3.7318
1.8092 1.4034
25.8861 1.6080
6.3092 1.7920
4.0446 0.7287
17.3267 2.4109
44.8411 2.9721
4.6462 1.9706
7.2402 2.3192
21.3683 1.7014
0.7090 1.2803
13.2493 2.8334
10.9159 3.8178
4.8205 0.8855
11.7631 2.3921
56.2280 2.4059
2.6528 1.4067
40.6069 2.2497
2.4314 1.3111
19.1789 2.9800
1.2426 1.2010
17.2360 1.4254
8.5291 1.4948
0.6793 1.3508
6.8834 2.6410
16.7365 2.7347
52.0688 2.9410
4.1445 1.4562
7.9535 2.2082
5.1695 2.1421
4.1396 1.5968
5.9322 2.0650
10.4749 10.2455
8.4964 2.5032
11.0182 3.1856
136.2054 2.4982
5.0609 0.9930
3.5175 1.5396
14.8008 3.9131
5.2542 2.2075
15.1872 1.9102
25.9618 2.6902
75.8579 3.0770
1.5382 1.2625
5.3861 1.1458
31.1920 1.9283
4.1470 7.8688
14.2823 2.0894
6.3628 1.7617
2.7906 1.1747
4.4490 0.6546
13.7671 2.1530
3.2506 1.1471
6.1955 1.3182
8.3482 1.3918
87.0910 2.8397
16.0920 2.0988
25.5169 0.8175
9.4882 0.7196
59.7711 3.3089
8.7800 2.9892
19.0232 2.2564
4.5795 1.4969
12.5511 1.5621
24.0885 1.3478
3.7018 1.5562
86.4949 2.9214
36.2578 2.6311
1.2813 4.1538
33.3586 3.8605
3.2618 11.7426
42.8965 1.9422
4.7780 1.7946
9.6739 2.5590
47.9871 2.8380
63.0383 2.7649
0.5242 1.2716
15.6556 2.1182
3.8482 1.6771
5.6758 1.3160
16.7525 1.2588
5.3391 1.9852
0.9091 0.7557
11.9547 2.5363
24.4360 3.0600
15.2290 3.0354
24.6746 2.3579
15.3353 4.7125
269.2819 22.6374
31.3305 6.1350
6.5463 2.0663
1.1161 0.9908
5.4483 2.1557
16.0807 6.9217
7.3422 1.5962
7.9903 1.5488
1.2691 1.5881
2.8531 1.5325
17.8552 14.7325
18.4923 3.0066
12.4971 1.6129
9.5907 1.9350
13.6279 2.8156
313.0512 2.6140
2.5627 0.4473
2.1549 1.4508
5.8599 2.6078
8.1312 1.6059
213.2643 3.0290
11.7201 1.3618
12.1097 3.2044
20.4968 3.1833
4.7580 1.8339
8.1934 1.8767
4.1904 6.5217
109.6469 3.3464
11.6157 1.9608
133.6347 1.6721
1.0937 1.2331
58.7701 1.9599
6.9920 1.0643
13.0625 1.4796
125.4129 2.6764
9.3042 1.9343
10.2221 1.8596
8.5948 1.8933
0.6263 1.6341
2.9354 2.9285
57.2936 1.7958
17.0290 2.3178
43.1311 2.1762
67.8323 2.1810
6.8462 1.5220
13.0601 0.8581
6.7381 0.7741
8.3087 2.2554
8.6175 0.9136
151.8854 2.6490
25.6721 2.8764
60.9282 2.7566
1.4009 3.3004
0.7086 1.2962
15.3588 11.8065
2.4184 2.4367
38.6465 2.2441
9.1786 2.8011
95.6117 2.1811
0.7892 0.9050
37.3039 3.4295
8.9530 0.8430
16.2825 1.9039
4.0694 1.5501
3.7099 4.6242
26.8377 15.9627
171.0279 2.6013
16.9347 1.2531
24.2101 1.4350
5.4767 1.9155
10.1747 1.0799
3.7503 0.9042
5.5182 0.4825
8.5120 2.2494
9.1150 1.6023
3.8569 0.9556
24.3397 3.3212
76.5375 2.4352
31.4202 1.3123
7.3407 13.2096
70.4683 4.1805
1.6037 1.3601
8.2775 1.0652
11.3297 1.3281
3.1627 2.5292
5.3706 2.4616
22.1335 2.1722
4.6036 1.5096
550.8612 1.9448
24.3079 2.1996
8.5074 1.1203
101.1100 1.8975
14.7640 1.6332
23.2058 2.2827
0.8818 1.3173
10.5071 1.2073
6.7969 2.2983
2.8585 1.2345
20.1720 5.9144
7.5184 1.3468
7.2028 3.7562
96.3841 2.1305
2.1646 1.5643
2.2850 1.1134
10.6134 1.8575
3.8815 0.5973
5.1778 0.6355
3.9325 1.4302
1.0784 1.4891
35.8755 3.4538
3.7706 2.3002
2.5374 0.9587
7.7684 1.3871
2.5240 1.4165
1.9751 1.6102
14.0883 2.8608
2.6934 1.1057
44.2021 1.1859
0.9351 1.0457
5.5251 0.8303
16.6659 2.7703
7.9306 2.9611
4.8972 1.3690
10.3553 2.3038
5.3018 1.5997
9.3287 2.1195
6.3259 1.2285
3.6001 0.5933
4.5459 0.7709
6.1894 0.7758
7.7435 0.7383
9.7405 1.1342
10.6279 2.3000
166.7884 8.7537
5.5331 1.1006
10.5263 9.9004
35.5971 4.3685
0.6756 1.4039
1.0026 0.9579
3.1780 0.6882
3.2517 11.9719
7.5173 1.2025
80.2323 2.9997
20.2642 2.4629
7.4414 1.5371
17.5770 23.7724
14.4009 2.2386
25.6619 1.4727
198.0894 2.7127
5.0440 1.5791
3.7642 1.7546
541.9193 3.4142
4.8100 1.5016
0.9749 1.1679
2.1008 1.9976
30.8609 1.5893
21.1877 1.1834
31.8245 1.2069
26.0838 2.2596
11.4635 3.0543
39.6063 2.2589
4.1670 2.7904
3.6228 1.4934
5.6407 4.2375
4.5835 6.2684
3.7618 3.1147
14.6271 2.8510
2.9403 2.7345
35.1185 3.4382
6.3890 3.0508
6.6717 1.9584
20.3065 1.8190
2.7556 1.5796
14.4964 2.4865
8.2040 2.4862
169.1336 2.1928
94.2893 2.1677
234.6356 2.5282
505.4649 2.7179
59.4967 2.2916
43.5359 1.7821
21.6130 2.9969
19.0372 2.2716
13.1375 1.7653
23.4434 1.2355
7.7820 1.2620
30.2290 3.1174
389.3159 38.4896
4.2637 1.5224
8.0058 2.7977
134.2514 3.1494
125.6287 8.2981
23.6752 2.8865
130.3548 8.2582
4.7426 7.0969
18.2080 3.1523
88.2554 3.0279
9.7477 0.8015
29.5634 2.0288
47.3661 13.2948
1.9765 1.0578
4.1303 1.5576
8.1193 1.6150
41.4083 13.9242
6.0666 0.8976
0.4961 1.2758
2.5081 1.5659
6.7834 2.6465
10.4315 0.9364
7.5760 0.6511
10.3040 1.9327
118.3786 3.5764
13.0249 3.0325
22.6872 3.3674
31.9955 4.3389
46.6863 2.6504
3.8462 1.3708
51.1103 2.2893
6.2641 1.3840
122.0802 2.9874
20.7399 2.1590
47.4278 2.3873
33.8787 3.0502
20.0260 2.2824
5.7154 2.4667
33.4204 2.2858
13.6101 19.1412
14.5565 1.1466
19.1640 1.2581
31.0031 2.6111
9.3099 1.2430
103.4275 2.8579
0.7833 1.4753
3.1741 1.5541
99.6442 10.8369
0.9719 0.7889
25.1595 2.2662
65.9420 2.6660
6.3313 1.3757
5.3789 1.8533
12.3098 3.2161
35.7344 4.6074
11.4276 2.4826
23.6683 2.4472
51.7553 2.7538
2.2375 1.2485
2.1396 1.6119
4.8071 2.7051
85.0624 21.1605
0.5689 1.5088
63.0944 11.5550
13.7194 2.0492
0.9161 0.5504
190.8012 1.6244
34.1083 1.6076
9.5086 1.3651
5.5973 3.5306
15.2847 2.7337
22.2481 2.8447
110.7563 14.6107
1.1926 0.7467
3.0143 2.4790
0.6930 1.1899
2.4469 0.5459
175.6035 3.3425
4.0820 0.7511
5.5225 0.8773
8.6790 1.5442
11.8985 1.9038
7.1329 1.8477
8.9189 2.0654
13.0561 1.2636
2.9490 1.3059
34.3511 2.7934
26.8533 2.1664
3.8331 2.1383
47.0561 2.0227
3.1679 2.9804
3.0419 0.7859
26.9644 3.1206
71.4525 2.5619
20.5136 3.1276
21.1182 2.4122
6.5100 2.3308
4.8435 1.0151
17.3816 28.5686
7.5612 1.3320
14.0264 2.3318
4.2254 8.5178
20.0504 2.5474
4.3118 2.9450
9.7674 2.5318
10.8541 2.8796
19.5776 0.8669
3.6961 1.7146
6.0986 0.8082
77.6114 2.4979
13.4450 1.0040
119.0206 7.7426
4.8875 1.8109
16.0852 3.3706
235.9972 11.3149
43.3168 3.3497
31.5021 1.6124
1.8978 1.5794
3.2828 1.6325
5.0282 1.8556
7.6647 1.4639
6.9636 0.8713
65.6484 2.3212
5.4409 1.0073
4.4216 1.8298
13.3310 34.8728
23.1274 1.3709
6.8834 2.3473
3.5158 1.1949
19.2541 2.7746
54.1560 3.5358
9.0824 1.4095
0.5679 1.3190
3.5465 2.7216
5.7007 2.5435
2.9465 1.0633
35.1810 5.3660
85.7356 2.5163
2.3916 1.0529
104.8205 7.5688
37.1012 3.7396
3.6266 0.8273
14.0545 1.2427
17.4609 2.3357
3.2198 1.7063
36.2760 3.0548
7.4902 2.5846
23.2218 2.1664
8.9685 1.9427
5.9123 1.9698
8.9858 1.8778
7.6481 1.1382
59.8780 2.5589
17.1326 2.1874
11.9789 2.1608
20.8341 2.3209
2.5808 1.3402
3.7155 1.5001
7.0557 2.1821
0.6650 1.0523
0.7165 0.9259
187.7465 3.0595
15.1858 1.8439
5.3087 1.0741
12.9407 41.5173
2.0323 1.1171
11.1317 1.2352
16.2594 1.4418
4.2286 1.5296
7.4666 1.3819
13.4747 2.2366
11.7201 8.7131
31.0572 1.9083
24.7545 1.8576
10.5226 1.6536
19.7617 4.3068
11.5789 2.3007
16.3992 2.1662
6.7397 1.3123
11.5554 2.1502
11.5674 1.1853
29.0079 2.8759
2.8922 0.8056
3.9512 0.9615
5.1012 0.9777
5.9927 1.0462
7.2352 0.9413
0.7640 0.8110
14.5893 2.1753
36.7704 2.6525
142.5463 2.2755
37.0552 2.8839
57.2486 2.8855
3.2262 0.8196
10.7770 1.2990
10.1832 0.8224
6.2322 0.6375
8.2942 0.6781
10.4173 1.5274
5.4675 0.9903
33.6012 7.3504
6.7665 1.7103
16.0878 2.5357
41.7494 2.9132
4.3473 2.9578
25.8550 2.6178
1.0259 1.3240
4.4175 2.2268
92.4367 3.0194
2.4221 4.3113
4.1251 1.0739
11.1872 1.4276
4.6018 2.1604
10.1046 1.3076
5.8853 1.3098
28.4750 2.3163
4.8663 1.7046
106.9570 2.8324
64.1894 4.1449
1.7168 0.7712
8.1674 1.0637
5.1233 1.3710
12.3308 2.2206
15.9425 2.4862
5.6215 1.4417
36.2920 2.6251
2.3644 0.8041
1.1512 50.2819
6.6996 1.4294
12.5447 2.0364
17.2323 3.1410
26.6952 1.5807
3.0352 3.4490
3.2394 1.2562
11.0317 1.6468
25.7627 3.0135
7.7954 1.2049
1.9078 1.7464
13.6994 3.7640
4.3094 1.8463
154.6733 2.7633
2.7141 1.9176
19.5489 1.8575
7.4183 1.1020
56.4350 2.2823
11.5556 2.0589
3.0162 1.6284
18.3722 1.0808
12.0399 2.2166
20.8375 1.4400
5.9549 2.3655
96.1694 3.0904
16.8320 1.5259
7.1930 0.9207
109.4450 3.0381
3.1793 1.2937
23.5892 3.4247
125.8652 11.3845
34.5442 2.4609
86.1165 3.0862
135.1880 2.4174
2.3830 1.7111
26.4444 3.5873
51.5389 5.0627
5.9023 2.2271
7.3812 1.0223
12.8747 10.8353
21.0225 3.0772
226.8907 4.5470
25.3089 1.6583
47.7439 1.6291
2.3459 1.2326
3.6483 1.3339
5.6449 2.6751
8.7429 1.9282
2.6889 14.1716
7.4269 1.5002
10.4189 2.5329
18.7358 2.2560
8.4364 1.6129
4.5638 1.1259
7.0632 1.1799
196.4382 2.0152
20.4833 3.0034
3.3361 1.7820
9.4395 4.2770
2.6170 1.4498
4.9214 2.0256
7.0643 2.2361
10.6876 2.5904
20.3030 2.1178
29.0224 2.4943
2.4532 2.9958
7.9725 4.2605
2.4056 1.2727
15.9041 3.1049
2.4209 1.8568
40.0687 3.6151
7.4111 2.9428
8.9882 1.9382
23.0203 7.6004
6.3770 1.9117
91.0764 3.7191
17.1369 2.8522
4.1385 1.2063
6.0405 1.2115
29.3493 1.9163
20.3817 2.7898
7.0044 1.0514
16.2584 0.9996
31.8047 3.2390
40.9902 2.5311
23.2383 2.6072
20.4999 3.7214
16.8601 2.5143
27.5070 3.3131
6.4547 1.3778
2.1589 0.7774
2.3590 0.8502
3.3835 1.4686
13.3998 1.5867
17.5806 1.4718
2.9366 1.4752
4.3541 1.3651
2.2795 0.7800
8.8569 1.6734
3.0320 0.8788
2.5431 1.4758
1.9214 1.7194
28.5742 2.6040
8.4089 2.5625
15.5947 3.8684
278.1245 6.1542
3.8259 2.9144
2.4938 0.6684
24.1526 1.1592
5.1444 1.4779
57.1340 1.7295
10.0065 3.9902
0.8585 0.8255
6.4980 1.9955
18.0116 1.8030
7.9703 1.6083
11.2429 1.3274
16.5341 1.0756
4.0288 1.1119
6.1248 1.3860
8.9211 1.1654
10.4232 1.0913
5.3418 0.9670
10.3717 2.6691
3.9700 1.4795
22.0460 4.2636
3.9895 1.1564
11.1663 1.3931
4.6069 1.9209
35.5802 2.0351
5.8835 1.5356
265.4775 4.3827
96.1092 4.1801
33.4969 1.2702
27.6668 2.2262
42.4730 2.2150
5.1956 1.2859
8.0104 2.0472
15.5763 2.2510
0.6099 0.8797
32.7738 3.9875
16.0049 2.8679
85.3515 6.5200
9.8874 1.0925
3.1739 3.4473
7.0393 4.3995
192.6670 3.8864
2.2157 1.5823
5.3830 0.7497
5.0142 13.6297
7.2817 1.0503
13.0314 2.9111
2.6109 1.8176
16.8419 2.5360
75.8787 4.0277
4.4574 0.9334
6.2415 1.2571
169.5022 9.1886
141.7340 10.5994
6.8778 1.1973
16.2395 3.8796
28.8671 1.4200
6.3082 2.7793
211.0334 3.4397
237.8182 2.4104
13.0715 2.4193
5.9687 3.1870
15.9961 1.7183
1.0052 0.9427
0.8406 0.5702
14.1640 2.1705
6.2092 0.8197
2.0523 13.8552
11.8062 1.7078
7.7147 2.7679
16.8773 2.5082
20.0902 2.7037
5.1698 2.0016
9.7704 2.6834
1.9370 1.0600
7.0612 1.4867
1.7209 14.6191
1.3858 0.6277
2.2293 0.7384
127.2826 11.0117
30.1836 3.3425
2.5789 1.6458
7.1304 0.8383
2.5403 1.5707
4.2243 0.3836
52.5136 13.4394
0.6559 0.6440
1.4347 1.4632
3.8759 0.6677
13.8102 4.3788
65.7046 2.8491
10.0874 2.8742
17.7664 1.5998
10.2910 12.6779
52.7588 10.6921
0.3067 0.9374
55.6736 2.0839
19.4464 3.9071
6.9198 1.6796
77.6342 9.4347
11.6192 2.4740
3.1388 1.0999
56.6489 1.9425
25.2036 2.5669
157.0652 2.4217
15.7711 2.4130
7.3057 1.9437
1.6329 1.0209
20.7290 1.7561
13.7521 2.5172
12.7326 6.1835
13.3915 1.0548
5.6291 0.9238
8.2563 0.9922
2.7524 2.5519
18.1375 1.3997
13.9818 2.3460
247.3549 2.5685
44.0004 1.7502
83.9284 6.6238
11.9035 3.0903
34.0350 3.3321
4.6951 1.6860
4.2869 5.4189
1.4445 1.0942
4.0952 1.8959
12.7593 2.4791
25.7527 2.1871
51.1659 1.4498
5.4331 1.5504
8.5083 2.8535
11.1740 2.3546
17.5875 3.4268
92.2642 2.4540
7.5861 1.5200
207.5829 4.3950
84.6876 3.2735
10.6006 1.1427
37.8862 2.2325
37.3229 2.3500
10.3586 1.2833
4.1606 0.8062
3.2765 1.7769
6.3386 3.2539
5.6796 1.0689
11.8746 1.4147
366.0915 2.8382
3.4875 0.6935
8.4748 1.4587
66.1849 2.6631
224.1497 2.8721
5.6833 1.1565
148.1795 2.8713
5.6325 2.2661
20.4905 2.0800
40.7696 1.5466
22.2081 3.6097
17.3172 3.2085
12.1914 2.4158
178.1394 2.3720
5.7562 2.2794
10.1985 1.8794
2.2111 1.9940
27.9565 2.0459
42.1243 1.9929
4.6175 1.7464
29.9634 2.2158
38.5845 7.5145
1.2528 1.5998
16.8583 2.1875
49.5005 2.1734
6.4754 1.6723
6.4220 1.3057
7.7021 0.8784
17.4448 2.8484
6.5716 1.3489
0.6668 1.7698
11.7916 2.3686
15.2311 2.0915
132.9954 2.7837
14.7966 1.1089
24.0721 1.2592
6.3334 8.7593
10.1384 0.7405
16.5710 2.0240
1.9319 0.6003
2.4670 1.5568
8.7042 2.8504
18.3847 1.0503
34.2686 2.2246
17.6484 2.2035
4.1481 0.9745
7.1568 2.2365
10.1281 2.0986
2.2405 1.4487
6.8278 1.5949
42.8775 1.9654
41.6977 2.4273
13.0939 2.2873
4.9154 1.5171
107.7211 4.1111
6.6183 2.5800
44.9641 2.0594
16.5141 2.5936
30.1329 3.0002
4.7909 1.2959
99.6416 2.5179
1.1185 1.0726
4.8301 1.8071
4.7083 10.1012
2.4119 1.1731
148.4602 3.5505
7.1277 1.1915
5.7148 13.7558
38.6715 2.8448
4.4459 2.9192
215.9574 3.1601
12.8299 3.7884
1.6539 0.8968
4.3372 1.5105
10.4355 1.2489
17.4533 0.7758
5.2497 0.6803
7.4109 0.9571
2.3617 1.4346
133.3037 2.4098
0.8003 0.9448
3.7557 1.5795
100.2831 2.7135
10.4957 1.4518
21.8695 1.6279
30.5876 2.3448
15.0337 1.6256
1.6289 1.2619
14.4079 33.4483
2.0619 1.5728
5.9965 2.8504
5.7281 1.6171
6.0104 3.9173
13.0328 1.4499
10.3999 1.3803
20.1349 2.7387
3.5788 10.4576
2.6353 0.7178
4.0223 1.4472
24.3158 3.2971
16.2962 2.2012
11.4929 29.2121
11.1297 2.2496
24.3344 2.6697
3.6405 0.6219
13.4845 3.4385
27.4023 3.6771
52.0908 7.2376
81.0629 3.0487
13.5708 2.7358
23.9801 1.3593
43.8445 2.9677
6.1649 0.8230
19.1811 3.3228
3.3808 1.9336
82.2929 2.5441
44.2993 2.2754
11.4761 1.8331
25.2632 1.5138
5.3920 2.8349
4.5216 1.3397
0.3418 1.7089
18.9306 1.9542
15.9514 1.4968
2.9862 1.3257
4.6260 1.9783
22.5986 0.9699
8.3613 1.1460
174.5103 2.5792
16.7971 2.5937
64.0018 2.3410
21.3016 0.7247
39.7923 1.9145
16.2255 1.6396
29.6663 3.8357
18.5011 1.4811
16.3012 1.4577
105.1467 3.2328
4.0936 2.6898
9.6138 3.4830
18.0070 1.1551
78.9258 18.2344
10.8606 2.4196
22.9222 1.7399
11.0851 2.2520
10.8485 2.7560
6.6683 1.3852
198.6816 2.7863
42.4266 3.4356
3.5827 1.2683
82.6602 2.2788
7.5605 2.3629
7.4099 1.0914
11.6602 2.2718
3.8867 2.5475
31.1750 1.3927
2.4623 1.4604
4.8230 2.4296
12.4128 1.5958
224.7787 6.9687
3.3418 1.5164
28.6852 2.8535
11.6091 1.7879
5.7293 2.5281
12.2476 1.9562
5.9297 1.9775
6.4125 3.6290
84.5736 2.5171
8.1850 1.5953
13.5905 2.3549
10.7681 0.9184
4.3285 0.6599
50.2864 3.9605
12.2885 1.4022
29.4557 2.3735
13.6397 1.4685
24.8057 2.8738
44.3472 3.2614
9.2208 1.3610
99.2533 2.1784
3.2897 1.3797
7.1864 2.2089
14.1317 2.8742
2.0200 1.3967
3.7630 1.5623
19.9475 2.5406
14.1960 1.3551
6.5212 3.0340
10.2856 1.1253
14.3746 1.9494
9.6519 1.0820
3.3149 3.5245
14.6461 3.2419
148.2723 6.2788
36.3375 7.7398
14.8201 1.0103
82.1756 2.8105
6.7738 1.5402
6.3867 1.1014
0.9100 1.6171
14.8589 5.1939
3.5047 1.7762
7.6416 4.2915
10.5484 4.4985
19.9159 1.6347
15.1359 1.9220
5.3426 2.0562
39.6431 9.9284
28.6256 1.8162
15.9554 2.1462
8.2598 1.3277
7.6848 1.4381
1.3116 1.2729
4.4097 1.6580
172.7024 3.1286
126.5564 3.4056
21.8045 2.8705
10.2820 2.6535
18.1199 3.0958
3.7840 1.7898
3.5549 2.0367
13.7224 2.8993
16.2349 2.3485
31.0260 2.8000
2.0121 1.0236
4.1794 1.5724
8.9810 3.5062
6.2397 1.2360
49.4781 1.8464
2.2950 1.1324
4.4534 0.9925
2.4263 1.5591
4.6233 0.8503
14.5124 1.6017
3.2442 1.4204
3.6569 1.3111
159.3872 2.6936
18.2206 1.5878
7.3510 1.2600
2.6881 1.2412
12.4393 1.2436
15.6049 1.0602
5.1117 3.2860
3.9377 1.0021
17.4212 3.0337
26.4104 2.6490
3.5945 0.7825
13.2608 1.3640
22.7902 2.3869
7.5967 1.2031
0.7621 0.7335
5.4259 1.4438
29.9072 2.3167
40.0590 3.3978
36.8572 3.6139
49.4112 9.1165
97.9911 1.7023
268.9411 12.2455
151.8655 2.3517
6.9969 3.1267
12.9024 1.7254
54.5097 2.3250
11.5510 2.6474
5.1545 2.7436
10.1296 1.0453
15.6111 1.2189
288.3128 11.7560
9.9768 2.6423
7.1040 2.1064
17.8337 2.8341
33.4179 3.2197
5.0188 1.3121
14.6133 1.3070
9.1825 1.4409
5.7435 4.6180
10.6527 2.0288
3.4017 1.3256
5.3502 2.4278
58.3620 6.5587
374.8810 2.5657
3.7309 1.9241
27.6371 2.0781
175.1382 2.3354
4.5924 2.3953
6.2303 4.1599
0.9685 1.3482
12.5135 1.8631
25.2150 1.1846
8.3054 1.6817
37.8145 3.4825
4.9506 1.3736
39.4759 3.6515
6.1800 2.4776
8.2928 1.4255
22.7082 2.1839
14.6672 1.3214
30.8644 2.4298
68.1606 1.5780
9.3606 1.5450
2.4036 1.2099
8.9909 2.7156
24.1739 2.0653
4.2925 5.0066
18.6848 2.6747
7.4163 1.7189
122.3864 1.8488
12.4418 0.6135
18.1641 2.1288
5.7149 1.4314
4.9606 0.5711
6.8830 0.7458
21.1033 1.7087
3.2666 0.7099
4.2722 0.6670
5.4530 0.9622
20.5717 1.2912
11.8292 1.1005
14.7512 1.5187
234.2403 2.9872
7.7772 0.7430
14.4335 15.7424
3.4841 1.3033
67.8761 2.0361
7.2812 1.1467
141.2415 11.4380
64.6583 2.0904
62.5615 3.4583
47.0568 3.0710
7.1397 2.4928
0.9349 1.2492
32.5634 1.9545
59.2841 1.7252
49.1012 3.0042
9.0669 1.5694
3.1664 5.0384
54.6490 2.7890
6.8922 1.3590
0.7707 0.7053
0.9629 1.8247
6.4600 2.1675
12.7714 1.2634
9.7044 1.1904
8.7506 2.1446
14.7510 1.4738
44.9853 1.8149
8.7018 1.1840
1.7919 0.8821
21.8420 1.3112
10.7125 2.8570
4.4542 11.4264
11.5303 3.1982
5.8360 1.8723
2.4942 2.3512
469.6141 3.6558
2.8519 1.4469
6.4917 11.3461
21.2235 2.6955
6.4703 1.1725
9.9267 2.8207
397.5025 6.4254
0.3525 1.0523
14.5341 1.6490
3.8137 1.4049
24.9092 1.2308
2.1047 2.6640
264.4645 2.7116
3.8556 13.1475
5.6040 1.2972
3.3855 1.3705
0.8399 0.6957
12.0229 4.3179
108.5936 1.6822
199.6651 1.4520
11.8377 1.1406
6.7916 1.1575
5.9061 1.7429
18.7547 2.1363
3.9180 0.9396
0.7699 0.8773
16.2954 2.3251
81.3147 2.0322
2.6683 1.4194
40.5289 4.0176
16.3435 2.9437
18.3963 2.3707
19.5999 2.9923
5.8235 2.5184
11.3611 2.5948
8.1051 2.2492
4.5949 1.9834
9.4528 1.6521
1.1045 1.5264
2.8001 2.2048
2.5532 1.3265
14.8162 1.5335
9.7629 1.6699
12.4121 2.2615
18.7464 2.6735
5.8267 3.5904
1.7558 1.9203
19.3294 2.1388
20.8602 5.5022
42.6342 5.2263
87.6477 4.0048
9.6173 1.9445
36.4334 2.0941
161.5151 3.0205
18.7843 2.2372
8.7962 1.4106
0.9388 1.5490
12.1628 2.7954
5.2621 1.7379
14.9744 1.3322
16.5606 3.0298
15.7496 2.3230
140.8848 1.4713
4.3703 1.4539
2.6075 2.8084
32.2962 1.8600
23.3595 2.9879
20.8343 2.4803
1.8556 14.2520
105.6546 4.4836
1.9545 2.5361
2.8922 1.5140
6.1083 1.4076
3.8349 1.4376
4.5100 1.4330
1.0456 1.3223
5.7146 1.6207
9.9460 2.8512
305.0766 7.9452
62.8693 1.9505
9.9407 2.8416
14.4360 1.5045
29.3933 2.5792
48.6303 2.5520
9.7679 2.4770
3.7012 1.6725
6.6264 2.6311
124.8282 1.9068
0.7019 0.9456
19.2528 1.4474
1.5849 0.4609
11.8952 1.2610
3.7989 1.1426
10.6817 1.8100
1.6205 1.2348
3.3880 1.6604
5.8391 1.6240
0.9299 1.2872
1.6386 1.3379
2.2483 2.4305
4.5803 2.6883
6.7669 2.5532
31.5888 2.6456
0.5588 1.3108
0.6938 0.6757
6.6855 1.4322
0.8434 1.4115
6.5661 1.5184
21.0872 11.6971
15.4340 4.3444
160.1313 5.9814
10.0555 0.8701
16.3327 1.5249
4.7885 0.5936
6.8873 0.6852
6.3927 1.3753
11.5152 2.4994
281.5633 10.0747
3.6015 2.3122
145.7881 1.6698
219.3215 6.2203
56.7771 3.2679
23.8516 2.9900
6.5111 2.7404
105.3034 3.2949
8.3138 3.7661
17.9346 2.2361
8.3716 1.9033
15.7259 3.0318
10.4300 1.2053
6.0592 1.1866
15.7798 2.1868
34.9524 20.1783
10.0456 2.2817
5.9456 1.1766
15.9211 2.6369
0.9821 36.7264
2.6418 0.5544
21.3852 2.2491
5.4122 2.8002
7.1259 1.7089
0.8272 1.2669
37.8033 2.7522
5.1921 1.1108
18.0093 6.1309
5.8977 1.1543
3.9496 2.2581
22.1843 2.9940
3.8869 1.3742
5.3749 2.2565
8.5860 1.9527
3.9051 12.6000
12.0571 1.9008
124.5247 2.7007
3.6193 1.4819
44.6997 3.0712
5.1014 2.5528
4.6123 0.5478
7.5730 0.5700
1.0019 0.8057
25.8477 2.6815
40.7156 3.0174
66.7887 2.3079
14.0349 2.3175
7.8914 12.9777
5.4772 1.7368
73.7575 3.4237
8.5627 1.8098
48.8878 3.1316
2.4215 1.7244
5.8338 3.1823
3.5794 0.7751
0.8623 0.9743
42.1917 2.6532
8.0277 9.9821
1.5691 1.6255
125.6027 2.6536
21.9640 2.3613
3.4239 1.1897
96.9151 2.2670
3.9073 0.8207
2.6843 13.1658
47.7052 2.9235
16.9234 3.4676
43.0341 2.5377
13.5631 2.1492
13.4959 1.7845
110.4614 2.3086
27.4784 1.2429
6.2457 1.0704
4.1820 2.3840
10.3291 6.3582
5.5086 1.5038
51.5736 2.4031
4.7329 1.1573
13.1828 1.7914
6.1101 0.9484
16.0923 1.0511
28.9060 0.8421
3.1487 2.7174
20.9975 2.4852
8.6893 2.4431
8.0880 2.6778
3.7043 1.9224
1.3320 0.8990
32.3762 2.3889
92.7297 2.9740
1.7911 1.1651
24.5872 2.8905
15.7738 2.5993
16.0505 0.7712
12.5325 3.7631
3.3880 1.0095
13.1972 3.4899
33.6529 2.5457
11.3884 2.1608
50.6984 2.5404
147.3864 2.7828
26.7575 2.6154
1.9316 2.2522
5.0326 3.0687
5.8389 1.1701
3.0241 12.4139
25.9421 2.6235
3.5841 4.9040
11.8695 1.4897
17.9774 2.1531
36.9250 3.1174
8.1153 3.2065
16.0046 1.9816
4.4445 1.7299
7.0390 3.0743
2.1319 1.3868
18.0541 1.5604
32.0274 1.1846
88.0710 2.2821
6.7741 2.1303
17.8160 3.4874
105.0144 2.5680
13.7121 2.2588
4.8808 1.2674
180.9217 2.5776
34.8537 2.6925
3.7508 4.6224
45.1260 2.2578
11.5706 1.1867
15.0540 1.6047
1.7461 0.4878
3.1269 2.0130
5.4955 1.3622
1.9851 1.0910
0.9004 0.7673
14.7075 1.9228
8.3609 3.0964
4.5514 1.0736
24.4003 2.5379
3.2543 1.5043
91.3514 1.7063
30.5232 18.1038
2.5839 0.6578
4.3419 0.7981
22.7144 3.1648
4.5855 2.5967
47.9037 2.8020
0.6900 0.7581
105.9566 4.4898
5.0827 1.4440
15.1703 2.4970
1.6442 1.1896
26.2347 2.7867
39.4575 2.8291
10.3014 1.4405
2.7296 1.3750
3.5965 1.4971
2.2980 1.1211
2.3775 0.5722
20.1891 1.6412
55.1864 2.9248
8.4865 1.5822
5.8256 1.2054
11.8150 3.6360
4.6627 4.0313
10.2171 1.2550
39.3999 2.4733
52.9715 28.8720
9.3395 1.8186
5.8706 1.4972
20.5527 2.4867
9.5767 2.3966
96.6782 2.7430
37.9457 2.4488
1.7294 1.7689
4.1801 3.3370
51.8469 8.4761
284.7186 2.0295
28.1226 0.9627
4.1598 0.9201
45.9024 1.2696
9.0342 1.9262
77.4799 5.4926
68.9584 1.1238
3.7403 1.3826
39.7528 2.3229
11.6821 1.6457
11.3744 29.1870
16.4869 26.5004
10.0416 2.8389
18.3697 3.4193
2.7959 1.5889
5.6906 2.9667
46.4064 2.6233
5.7532 2.4981
17.9559 1.8653
14.7402 2.1798
16.0987 1.6119
27.4956 2.9757
3.5755 0.7484
3.5047 0.6975
10.0888 4.5526
28.0819 3.5108
3.9370 3.2442
9.8032 2.6435
13.9307 1.4162
56.4758 3.2566
92.8750 2.6765
134.4786 9.1725
284.0718 5.5437
10.9947 1.8589
40.1098 3.2488
53.5990 2.4512
59.6584 3.0089
16.3014 2.6074
16.2960 1.8637
21.3474 2.7232
7.8110 1.1552
3.2687 13.9721
6.9913 1.8130
0.5774 1.4539
19.6564 2.9198
1.3868 46.4321
0.6631 1.8902
19.7384 1.6141
9.1762 1.6570
6.4944 1.6131
9.3282 0.7017
120.0188 5.6625
5.9596 0.9281
11.4769 1.4258
1.6819 1.3479
2.2530 1.3370
35.0119 2.8336
22.0640 2.8447
7.7179 0.9646
8.8304 1.4158
27.6651 2.4335
1.7398 0.9776
12.7580 1.3692
25.0985 1.4576
5.4703 1.0577
16.0766 2.4357
39.3136 2.0061
2.4423 0.9849
1.1965 1.2716
4.0967 1.4468
6.5033 1.6972
9.9564 28.3627
1.0638 1.2212
12.0622 1.5148
12.7064 2.5349
4.5780 1.0247
7.3369 1.6312
58.6018 2.1395
87.4884 2.3047
10.3117 1.3116
16.1457 2.4260
27.4536 0.9307
5.2869 0.4998
7.0713 0.6175
7.9643 2.1037
117.0402 2.2498
24.6148 3.5200
42.9497 2.4993
11.1916 1.6210
1.4112 1.4996
17.1465 2.8278
59.6222 3.2440
17.4239 2.8111
1.9623 0.6768
7.1894 11.0299
3.4363 1.9000
14.8638 2.4191
5.6525 0.8804
25.7458 1.6469
59.9812 2.6727
20.9526 1.3196
1.2603 3.1893
3.2953 1.0974
5.2544 1.2642
10.9403 1.9474
11.3494 2.4830
18.6435 2.2181
3.1329 1.4373
5.9250 3.2639
3.7706 15.0857
0.5829 7.3116
7.0876 1.7932
6.8108 42.7859
2.5081 3.1822
0.6892 1.4570
15.9956 0.9990
34.2112 1.1085
7.6263 1.1641
2.3523 1.2190
55.8221 1.9505
13.2141 3.0233
2.5226 27.2248
1.1512 1.4284
13.2853 2.6244
4.2927 0.6763
7.0539 2.3438
18.7942 2.8027
6.7389 1.7271
7.6747 2.7629
9.0710 2.4495
10.3393 2.5561
13.2869 2.3887
163.6924 2.8243
3.4386 0.5881
38.5052 2.6085
3.0327 0.6236
17.6717 2.7810
3.6875 6.5691
8.5021 0.7449
2.0054 0.9146
2.9051 0.8092
3.4462 0.9956
4.2889 0.8075
5.4310 0.9316
6.3056 0.9811
6.8732 13.5947
10.9373 2.9585
2.9714 1.8693
6.0573 2.3759
17.9908 1.8131
4.2216 3.6763
20.1604 1.7406
10.9458 2.6880
28.9869 2.5622
5.0351 1.5438
94.8863 4.0197
4.4698 2.2141
0.6641 1.2428
2.9365 1.5199
8.0150 1.5833
3.7847 0.6971
19.5856 3.1490
7.3437 2.1646
1.0039 1.6560
16.5497 2.5403
3.5247 1.2590
11.0068 1.4744
9.2736 2.5431
1.4509 1.0434
158.6862 3.3409
2.3445 0.9789
12.6991 2.2998
37.5142 2.3483
19.7829 2.2778
10.6982 1.8894
14.3628 2.8181
3.1076 0.7337
7.0106 1.4993
2.7359 1.6933
6.4002 2.7294
15.3130 2.2743
8.1809 2.0392
6.0293 2.7176
2.6851 1.3046
1.5741 0.8979
20.9253 1.2925
289.8639 2.2468
31.6085 2.0244
18.4279 2.1591
17.3079 2.4926
2.0923 1.4416
52.8146 2.3309
65.6484 2.3954
3.9411 1.6418
5.3496 2.4674
8.1091 1.2600
11.0082 2.4145
92.7506 2.0930
0.8681 1.9497
2.1866 0.8853
10.8119 1.3792
8.6001 4.1138
13.1514 1.6764
1.4857 14.3213
0.7629 1.1267
47.1612 2.2831
34.0968 1.8180
8.3078 2.2865
1.6829 0.9927
34.1732 2.2272
8.5275 1.3075
2.2047 16.4568
2.7160 0.9583
16.7818 2.1911
6.4544 2.6871
4.9968 2.7729
3.7886 1.2710
51.3283 3.1887
83.5782 2.7838
8.4069 1.0591
12.3765 2.6667
9.3406 0.8871
3.5958 2.4192
12.1258 1.8131
19.9866 3.0584
55.6396 3.2215
2.6338 1.3522
6.1867 1.1852
7.6176 0.9631
5.6001 1.6100
4.5973 1.6788
4.7309 1.4410
4.8878 4.7303
174.7303 2.7361
201.1187 2.3454
117.9311 11.8302
12.0999 1.0780
5.3638 0.8939
66.6434 3.6963
214.3117 10.5310
54.4184 2.8936
9.4880 2.3129
147.2817 2.8889
56.3541 2.9676
82.4016 2.2886
19.8991 20.9330
4.7671 1.1202
1.2842 1.2143
9.3365 2.4011
18.8702 2.3990
46.9027 2.2122
8.2948 2.7911
440.1740 5.1226
2.1685 1.7885
2.5256 2.3046
37.5383 2.4099
2.0533 1.2977
1.7963 1.2712
29.2215 1.9183
3.4681 1.3689
5.9143 1.3916
5.2634 3.8184
29.4858 1.9597
8.0713 1.6699
34.0608 2.9235
83.4888 2.9060
11.0943 4.6315
2.5666 1.8868
4.1344 3.2909
4.8203 1.3627
31.0326 2.7170
3.2347 12.8825
14.7492 3.0020
3.1800 1.5897
4.9014 1.7722
7.9583 1.1005
4.6996 1.6264
7.1707 2.5535
4.8538 1.6249
6.4803 1.2232
84.7043 3.5258
4.6449 0.7342
3.1208 15.0340
5.8909 1.6579
3.1706 1.4730
16.0686 4.9827
41.1971 3.3420
6.2530 2.2928
205.3850 2.2972
6.9126 0.6880
31.2546 2.6480
18.6052 2.2522
11.7761 2.7573
5.1886 1.3288
8.0413 1.7126
6.8464 1.7555
57.7737 2.3975
16.5431 2.0493
25.3737 2.5589
328.2399 11.7102
4.0305 4.7733
5.1990 1.2104
2.4650 0.7211
81.1699 3.8087
62.8920 2.3599
11.6790 3.8950
1.2085 1.5320
5.4043 2.6600
20.3424 2.4773
44.8521 2.8772
10.5584 1.0680
4.9776 1.3256
6.9880 1.0520
2.0241 1.7664
41.8088 1.5240
4.7617 2.5048
16.0131 2.6017
16.1753 3.0224
11.0461 1.9213
3.7039 0.9884
13.1190 3.2043
15.0551 1.5958
2.9272 1.2865
38.2855 1.7718
6.8860 2.6818
39.3094 2.9537
34.1889 3.0120
7.7943 14.3644
32.6288 3.2982
91.7729 2.0824
4.1574 1.0939
13.3515 4.7114
240.5714 3.3321
205.9121 5.5484
7.1930 1.8784
10.4464 3.4697
40.7150 3.4968
3.7202 0.8801
3.3119 10.1857
1.8171 1.6113
15.3788 1.3793
21.1285 1.3481
44.5647 3.4005
96.4552 5.3377
1.8987 1.1635
2.8202 2.6856
1.8343 1.6413
14.3052 2.9322
9.1818 2.0899
29.8849 2.7496
345.1592 7.9688
23.9211 2.6411
2.5866 1.5097
1.0781 0.8799
12.3102 1.4944
25.1934 1.9250
12.6911 1.9768
31.7198 2.3762
2.7882 0.9591
4.1383 1.0570
21.2172 3.0172
12.9249 2.5624
3.9309 1.2833
7.6301 1.4815
150.0222 32.2395
38.8687 2.7824
74.9285 6.3162
3.6008 1.1856
5.7272 1.2233
9.9911 1.4634
12.2537 1.3091
58.1260 1.7267
33.7889 2.8479
2.1282 0.6968
25.3842 2.0436
41.7460 2.4510
4.3017 2.2524
1.8779 0.8795
4.9593 11.7948
10.7781 1.4453
287.3340 2.4707
7.9400 1.2616
4.4988 2.5420
10.4755 2.3245
22.9289 2.2949
77.4737 2.9022
47.0323 1.6136
124.4197 5.0406
48.4313 2.6021
19.9778 1.4276
1.2920 15.2145
5.9074 6.4724
81.4163 5.5520
1.5540 1.6646
34.2595 2.5190
7.6502 2.4117
28.5112 3.3634
11.3227 1.6741
14.4274 1.7241
0.5374 1.0305
42.9929 3.1675
88.5119 4.4948
2.0539 2.2871
34.4360 2.3305
1.2896 1.3072
207.2464 1.4599
4.5016 0.6785
4.4849 1.3108
13.8214 2.5511
30.9507 1.7549
3.4105 1.2278
5.7046 0.9497
19.8079 2.0492
1.3675 0.7945
5.8943 0.7451
5.3988 2.3171
9.6051 0.9571
1.9997 0.9543
5.2487 2.7881
38.1314 1.9989
7.1689 1.6020
100.8284 4.2464
6.5319 3.0140
51.3013 2.1455
2.8800 0.7664
25.3690 1.5016
12.0036 1.1034
8.5070 1.5713
4.3736 1.1800
7.8688 1.3589
4.9428 13.3308
77.2545 6.0175
26.7840 1.4605
57.3892 1.7211
16.4793 1.7969
13.7513 1.7948
2.5086 1.3815
5.4191 1.4931
30.3604 10.9190
8.3539 2.3078
12.9906 1.9482
0.9279 1.7789
20.0545 2.8086
30.0899 2.4027
6.8498 1.9492
10.0608 2.8448
4.1255 5.3380
4.7903 1.0572
45.0910 3.1056
3.5323 1.4628
6.9336 1.4291
5.6538 2.3010
2.9419 1.1571
2.8165 12.3090
168.8111 1.6828
124.9164 3.3997
210.6015 7.7600
331.6002 10.9787
59.7371 2.8634
7.0082 1.3013
8.7198 1.5427
91.9398 2.6440
2.4706 14.3179
22.1269 1.9778
6.2216 1.7578
4.2810 2.6600
5.0373 1.6440
1.9169 0.7651
31.3352 2.3941
10.4584 1.0884
4.7986 2.5157
3.2175 11.3939
75.2121 2.3579
38.3776 2.6400
2.6158 1.3285
6.6476 1.3344
1.2369 1.5731
7.0799 1.1688
8.4635 2.4600
16.0075 3.0595
27.0824 3.3249
0.9385 1.3354
10.1058 1.1864
5.3174 1.7903
9.4342 5.7581
35.9683 2.6447
3.7656 20.1197
5.7839 1.8728
2.7879 0.9180
46.3002 2.2258
7.0173 1.6810
0.6693 1.1664
41.9935 2.2819
13.9795 2.0102
34.2075 1.1264
4.3854 1.1764
51.8098 2.6552
5.7051 1.2186
6.9425 1.4624
1.2196 1.5226
9.4061 1.2624
5.7591 0.9001
2.7626 1.1200
5.0536 1.0876
4.9033 2.3582
82.5344 2.7393
18.0242 1.9870
81.7380 2.1323
1.8271 3.1814
3.9466 1.5723
7.2056 0.8352
14.5326 2.1582
5.5935 1.2054
18.1148 2.5975
13.6462 2.2898
62.1386 2.9334
24.3524 1.3139
5.9422 1.0664
2.5146 1.2616
142.7029 2.1006
27.5721 2.1914
4.9196 2.9798
70.6983 1.7488
13.8174 1.8438
41.8855 2.9600
1.2170 1.4341
18.8263 2.6937
9.7715 12.7192
3.0529 1.1150
9.0332 1.8523
20.5498 4.4466
33.0407 2.6023
3.9328 1.6500
62.3031 3.3549
9.9195 1.4518
12.7622 2.7873
38.7147 2.3029
4.5444 2.6362
5.8660 1.8016
466.0053 5.9738
16.4581 1.8933
5.9437 0.8778
23.9107 2.6809
0.9849 0.9993
16.3848 2.0157
36.4455 2.0105
7.8774 2.1736
177.6682 2.3473
2.7073 1.3081
49.6075 2.6107
2.4166 0.9260
122.8799 2.7115
40.0306 1.9869
130.1768 8.9875
45.1554 6.5851
85.3177 5.4605
8.7104 4.4429
37.8154 1.1941
53.5782 1.1500
28.8624 2.5374
4.4380 19.5454
199.8392 30.1265
11.6044 1.4078
208.5487 2.1285
3.6390 1.2610
6.1178 1.0599
3.7287 5.9343
5.0566 1.5569
12.7373 0.8938
3.1379 1.3941
4.3021 2.2831
12.9413 2.0841
2.2434 2.3110
3.6930 2.3591
5.7094 2.0472
7.6843 3.5027
9.1331 1.6272
0.8400 1.4552
0.8375 1.4881
45.2942 2.3495
5.6518 1.8568
24.7965 2.6905
18.0938 2.2225
2.3374 2.3210
7.2407 19.2999
65.4268 2.6577
2.7580 1.6900
12.9849 2.0758
8.8393 1.5840
3.0091 1.2193
10.0438 2.9715
15.1623 3.1518
27.9041 2.2150
56.4151 2.9265
6.0633 1.5982
6.5876 1.2089
2.3148 0.5860
0.9038 1.0904
9.7537 1.7032
3.2433 13.6313
21.3588 2.5434
15.9314 2.0146
3.5681 1.3115
12.2706 1.5217
1.5432 1.3039
20.6842 4.1447
9.8258 3.3547
17.2052 2.4423
1.0900 1.0054
14.0925 1.7642
10.0652 1.9980
19.2715 2.0257
10.3497 1.5129
15.6775 1.4989
25.2100 1.0045
5.5993 1.2886
12.3936 2.8143
5.4746 1.2598
2.4629 0.6195
79.3341 1.6931
3.6899 2.4730
4.3395 1.6781
25.3029 3.7489
12.1308 1.4856
5.6136 1.3033
8.0051 1.3995
17.2923 2.4540
8.9813 8.4365
91.5007 1.7741
5.7796 1.7793
71.1066 1.1086
3.7444 1.2461
3.3518 2.3157
0.9123 1.1337
53.3577 2.6502
4.7540 2.1620
8.9251 2.5431
6.4229 2.0329
20.5514 1.5933
2.0323 1.8485
62.6826 26.5345
40.4286 3.2715
5.3498 1.5932
33.2407 1.5576
7.2510 0.9400
18.5558 3.5017
0.5970 1.3369
12.6550 1.0585
33.3857 2.5805
43.3976 1.4602
69.7264 12.5004
11.3794 4.2514
4.4312 3.4999
2.8326 1.5227
76.1363 5.0356
26.3943 3.1358
22.1833 2.9518
3.2476 1.3768
0.7649 0.9257
56.3586 4.4630
17.0678 2.0386
12.4606 1.1082
20.5533 3.0266
11.9402 2.0036
15.6458 2.4882
12.9139 3.3191
1.3020 1.4975
60.4183 2.4950
8.4724 2.7404
1.9022 4.6140
11.9297 3.9040
5.1867 2.5257
2.8062 1.5829
4.7682 0.5695
2.0496 1.1790
21.9805 0.8322
0.6536 24.3127
21.3002 3.3707
1.4070 1.1103
8.0473 3.9010
12.6362 1.1302
200.7198 2.5460
282.5256 9.3729
31.8276 1.8754
1.8479 2.0108
7.6588 2.1223
38.4788 12.2635
2.4958 24.4883
0.6364 1.2130
82.3000 1.5183
36.9000 2.1537
3.5000 0.6922
34.2000 1.6815
133.1000 1.6143
2.7000 0.6660
23.5000 0.9417
84.6000 1.8208
